{
  "1453302564367110256": {
    "create_channel_id": 1453798845506130000,
    "voice_category_id": 1453302565226807309,
    "voice_create": 1453798845506130000,
    "voice_cat": 1453302565226807309,
    "twitch": true,
    "twitch_out": 1453867866716635290,
    "poll": 60,
    "stable": 1,
    "last_check": 1766703121.0193608,
    "last_msg": 1453883008544145461,
    "twitch_enabled": true,
    "twitch_channel": "shordje",
    "twitch_announce_channel_id": 1453867866716635290,
    "twitch_ping_role_id": 1453730567370575924,
    "twitch_stable_checks": 1,
    "twitch_cooldown_seconds": 60,
    "twitch_poll_seconds": 60,
    "twitch_last_live_message_id": 1453894924607946940,
    "twitch_last_check_ts": 1766710133.2764864
  },
  "781648699885092875": {
    "create_channel_id": 781648700345810944,
    "voice_category_id": 781648699885092880
  }
}